25941
3783
38515
51091
19435
74898
42242
39876
71015
93610
48761
80086
54751
62787
13662
84868
80590
83907
89805
95558
41275
67569
85023
35334
88933
32010
49692
9219
78087
56460
85489
20379
76594
40355
71470
96029
31605
13711
52256
2619
23672
17369
99056
78423
80155
12717
63290
60744
12975
53094
72653
54249
37014
57676
89583
25946
6037
55626
51516
84123
28437
53356
4501
5031
93711
92322
17411
25315
6033
69666
44285
46056
87034
59692
24478
67189
88760
4119
44284
1734
73564
33289
55983
10577
7316
61917
52874
13352
17542
4390
97474
45979
74097
18326
67361
84159
10648
84771
9473
33032
70788
70109
79087
57822
46152
3565
41362
34911
24035
1997
36645
97599
35285
92627
8175
42600
70895
77401
55951
4788
81790
69776
67118
72238
4454
34478
56397
31453
19248
82221
64484
90036
68682
59922
64209
14833
79838
21922
49744
3873
23918
86388
1471
75555
95366
25997
18154
66260
3397
90457
87399
1538
76584
54517
73776
81037
88994
46524
28841
24594
28744
93324
14629
97425
53246
95189
12258
33083
17110
62001
53307
41027
48388
54777
16581
60105
97126
51087
42716
16874
57895
30114
18412
34478
84630
8539
31867
89976
55062
60707
14569
83805
70383
45549
97582
39980
40737
9839
73062
57846
71839
26369
15224
36578
97497
48157
13034
10974
15595
55749
27848
73489
85862
62611
24318
86844
71149
56184
76819
42562
33243
7739
42718
19977
53287
40299
59956
94023
66489
33017
68220
54679
75737
99795
91256
89586
64303
20641
559
96249
76389
28406
69737
78603
91016
10407
65446
78516
82942
58616
21077
16184
66354
80147
36160
35992
20445
12467
46366
3286
45484
30937
57964
37572
30731
65572
27157
11386
86212
44068
7634
62601
72473
93723
57555
79841
4129
39352
58356
3422
97967
95785
19606
80672
75931
72117
33015
12727
84584
79380
16012
46419
10316
73976
342
57398
55899
43851
68783
42110
87918
92769
21062
76742
2843
78616
56582
23323
17967
31290
26744
32285
27074
62701
29308
19356
34818
62322
32082
35753
41701
64446
98523
68368
38421
15216
25766
94319
59066
10900
52780
63335
3668
73842
40077
6510
68809
13010
46184
3128
60651
72928
51764
87724
35628
81072
23431
86797
59745
55513
38901
17798
19958
37423
86165
74730
52639
11930
85400
28056
22830
54531
91391
42849
44724
47819
65711
13533
77180
11894
33012
37831
1173
84775
41906
36801
82198
65337
39949
41943
37201
78850
76092
73510
32624
62256
64591
1614
90538
66342
29670
29719
20872
37412
88919
65596
1582
54629
95480
78761
82875
28491
32943
84047
13265
91201
37199
11815
56537
77148
70109
10089
55997
46200
99950
88620
24807
64540
6586
15344
30881
36255
61414
68104
90018
50333
33699
91599
21313
29178
86711
20539
74020
19654
20938
3637
27206
74488
15451
94
51635
85559
10182
23983
31758
10131
28955
72916
74670
35540
4612
21902
88146
66025
90005
78163
32709
40056
69761
70374
69233
72823
7264
59605
8828
28201
63241
36033
19041
78691
36126
70675
64249
46307
11010
12358
72789
56316
85273
63810
91855
89884
85711
80000
72261
92068
74514
21321
32123
60626
91694
17707
33448
98958
77311
42276
43510
40551
94660
62550
35593
30786
49577
99841
93444
76938
28550
66233
33253
30175
30042
41459
36410
32105
21458
8670
24172
12323
29991
56294
72948
38036
90352
22747
36993
67663
81374
96855
24565
76034
75756
60158
6819
41684
76350
262
18621
21252
82846
68225
51426
12888
9683
87835
61344
31140
12857
85515
59814
42847
58160
49113
80882
48511
71860
34227
32525
53233
47433
57090
29266
39540
17247
52436
81224
9948
69050
16196
31199
51895
84421
82624
64782
94103
86811
26125
41595
99667
27991
1408
58865
86150
50521
39746
51013
22380
90324
83537
91964
37756
40626
37582
93648
74224
90017
74871
84172
59066
91066
31722
27313
91838
14346
92094
85941
17508
34571
27535
17174
78913
45294
76038
81415
95814
32135
32427
34545
38811
32315
42861
92918
89293
80442
86565
63516
86810
61435
64039
62228
68853
95761
89540
60690
26458
97985
62982
43965
48907
90516
77490
27820
52162
69879
25586
47975
2013
58012
98872
57175
6678
58084
50093
95970
38525
36657
75838
25334
14444
39876
3913
83296
51988
93452
60337
94797
91437
23319
38761
40343
30186
32602
68162
82347
2480
10099
46674
20845
68110
61897
78019
91140
19980
28111
87109
58504
81120
62946
189
95563
19174
4102
95210
71161
13905
71898
65958
5341
11568
21070
45684
41754
53672
30197
40452
72503
40296
3477
93347
24757
65373
87718
15896
85352
32180
19357
60207
13299
82302
76748
8861
1475
97201
20422
88988
11105
92320
54945
32798
3887
92366
94833
61992
62389
25029
2444
34892
81676
22272
44590
22785
87645
32307
55032
89348
64487
74388
49555
94137
56690
42654
19350
74516
56206
39771
63503
67310
48442
34799
16459
68681
27165
11291
30672
89553
52672
49467
40796
50699
71739
85386
73483
75735
34044
28515
65082
14882
2902
14636
9019
75943
73641
44720
50459
29846
84490
30313
13508
49284
65112
29966
17964
8628
57609
64987
14532
10280
14454
55328
60978
2544
40713
50813
78278
91108
79327
43359
5990
98580
74347
31360
74523
64339
76079
41333
94185
76920
87997
24044
26203
69460
70361
44166
94439
27969
9153
8971
38248
39958
64298
15578
42501
21362
66390
37130
28821
62068
80488
34810
60647
71186
66169
51521
35525
58599
9205
46061
35519
97202
70104
61721
83013
40464
22239
77452
68433
47743
86422
23032
4052
67071
54961
62904
4784
21350
33
33604
83417
96872
68414
60416
68058
50934
11936
19934
25885
37493
65994
61403
51046
52449
39475
34058
92912
78065
11509
77696
42159
14282
17080
46210
97704
88392
9113
2487
9742
9145
36091
9510
22369
20856
69925
90426
88141
98213
26711
30377
35705
9056
91779
3102
61504
47606
37159
70767
42022
65020
64815
84181
95653
98246
46742
93357
86637
55855
95843
96378
81351
48285
22240
3719
85492
8516
10496
89985
6728
37206
20361
58784
46261
28492
61885
24116
92449
15396
94883
34470
80415
59697
35002
92419
57942
81744
85775
60930
53950
97970
73660
35300
46254
95899
55371
48098
4414
82218
38082
27494
19424
74794
2629
82036
3285
80866
22504
95733
12613
17386
46555
93027
93434
81556
1797
67727
79651
87572
28656
49952
85541
2315
1604
48146
14565
56974
12595
18979
39191
67028
62824
74966
41822
81804
73354
45106
62669
95857
57191
75281
29594
3745
84659
23027
1652
86456
7105
81303
90379
52112
47606
92271
54427
49209
56768
68991
22534
69363
4321
61725
36390
83496
53042
94563
65300
42747
39669
27968
54955
96859
19601
84548
603
20611
23926
18606
23418
47382
16260
13796
99494
63866
22418
53920
13074
79186
39262
35608
64900
59935
13684
17641
43430
83077
12204
8729
25824
68224
53049
97130
65082
89001
81678
82036
9611
21955
641
33029
69337
16901
63176
85182
80766
85594
55453
10191
81131
94714
45798
46030
54648
75833
80022
98078
58910
92225
23158
84733
60448
76206
81862
41881
65206
79891
40268
91169
18198
57261
40549
3886
74161
3724
89067
71278
5669
44519
97820
86799
55584
59970
49180
26584
35802
29202
41013
94711
37778
64170
95795
98226
56728
94009
56458
38285
90251
96726
29453
8448
70338
70001
28685
44498
90077
17751
32127
95745
78621
46298
98896
50557
6267
48075
77140
42069
77276
18152
53131
15054
98673
48926
29631
55400
42934
2440
10037
49536
15517
55841
57984
85854
25842
3020
46703
32270
37123
95181
44366
15743
41479
43261
82651
47745
7688
59790
6165
84963
94293
59296
16368
9318
24573
62350
81069
67506
81142
91105
33393
96658
46946
91376
98864
89139
10748
45566
21408
47870
57099
82125
79964
98577
25386
62615
62673
33073
38756
85190
34387
49401
44485
67107
58718
69057
45808
39786
52914
43301
47243
86306
56311
94188
94034
55174
99678
4781
17091
37437
52650
74189
19561
32613
72765
61298
11579
51790
94370
50335
36979
45109
99735
97815
28567
74804
83223
90726
30941
52488
34027
78183
55145
90337
88722
49178
45510
88399
70310
62600
25835
39311
36789
61748
88276
25905
23045
99854
94046
33767
66540
31024
95227
66274
45190
23793
41077
44764
14518
88370
97251
64896
66552
52396
55232
55274
17925
17093
60024
88235
96045
2211
43897
32833
63958
32172
75089
3354
32026
69135
37120
14917
16510
32346
81191
78052
72490
38619
22815
3360
26988
36418
68255
9892
88813
39839
81517
6737
56931
41540
11323
52975
60102
71572
2159
24059
3743
77248
43765
52120
62734
80884
67037
95595
29582
64579
73646
2071
19549
12813
21782
46537
49230
90037
72780
38042
29875
54296
61130
86805
12187
88805
56132
72289
60376
58290
12699
80470
51889
56463
32590
14622
53699
15978
26569
83280
80556
214
1702
104
29378
23484
62992
78607
13520
52123
33000
59746
6418
94130
62902
34957
99286
19033
7245
59661
77323
19943
56482
45563
92758
89071
76537
46456
21400
3105
29735
18307
19670
47788
34763
49048
71271
14106
27654
1142
66229
60654
60887
88998
71135
23789
23954
70420
59173
31198
46432
52847
67493
2913
98410
60250
8336
74946
6705
29735
94402
52791
48042
14071
16930
99156
63118
88201
13261
7124
5694
79489
67777
82933
84839
55263
23073
8792
25682
82245
56342
72113
35092
23834
91377
49853
435
99712
24798
23491
45799
19199
76281
10192
49621
9562
9347
29091
97762
22607
36214
19808
18448
20342
2740
3286
75604
25812
12077
1285
24408
68418
89749
59499
8603
81125
9351
9037
97189
50500
32527
42987
86050
25159
69530
52023
34721
78876
81113
48834
17834
17326
68641
36281
37667
87732
55918
13270
13543
84347
30906
37951
69116
37006
13801
94071
18130
39504
3107
31670
6355
51986
91008
8757
93496
60537
60779
28216
39412
41891
93402
73598
59216
78394
9878
13234
66126
82148
42855
96020
66494
73760
50322
51961
10765
80475
46031
45246
36330
65490
76916
42684
17475
84275
51440
10970
44812
28570
55538
84223
70460
65291
74172
46027
43684
84050
75612
26161
82549
18466
38533
65394
92225
5206
17354
19341
85680
79737
80939
22009
45226
57854
81045
79052
58480
48836
90021
3291
77406
61910
3866
64217
27200
78037
10244
70884
78438
85855
13396
60986
20673
51928
26379
29249
57134
60085
48590
59165
56173
29528
97526
1398
3733
78570
80449
62212
27405
86821
65503
21162
65083
85720
85379
92282
63756
95622
79517
42194
97828
92913
19531
18500
61192
62262
47749
34677
38698
12690
93842
94870
58569
7719
12619
62301
86288
9419
40864
30044
96239
22718
51206
61321
8437
36584
69955
72193
48557
49471
30738
62736
58735
50268
97588
36279
28881
61688
70955
67578
74377
81148
62447
32945
88866
75065
11597
91505
835
52460
37901
13426
91530
89106
91098
99966
42041
61052
88510
6949
26875
19247
69684
1961
85867
83623
38239
14747
45310
25546
98677
36038
23045
61123
85334
28263
52540
96930
19767
53374
65742
57667
66799
57271
63124
57897
73588
21516
35300
62098
28464
62174
97696
14500
64135
99914
14474
18725
31013
59784
44270
29689
95821
83667
7163
97507
11929
59702
94436
48047
29428
76529
22066
12578
50151
85189
86826
40091
23057
22126
18540
67872
84299
32587
98723
64785
32501
13197
83510
79865
72980
44131
9553
85152
27797
33067
82658
39725
9121
93446
87772
38548
86326
9837
51125
36477
11377
54303
76567
34433
76428
95106
2305
77078
27692
1027
41863
76544
30575
41724
56408
3554
85854
82312
5058
30003
15379
4067
69727
24499
97512
73850
79398
190
38
46874
36666
11415
1176
29584
62199
77603
41041
80855
54681
85084
98234
12895
77980
28808
54618
34387
32362
56823
33051
53771
86825
64781
57837
72904
5631
71701
46753
85028
71890
46791
48253
24907
74557
49429
70842
36755
43383
11882
17610
14415
13317
32195
27309
91296
61002
98278
42035
9715
55101
91437
63485
58277
56217
37674
31180
61847
25726
94285
63226
13967
41075
27830
38873
31983
77258
26066
85089
36993
54299
2698
51407
67615
51244
95068
75263
12246
93345
17297
21960
64797
8733
85445
23074
81301
39470
70605
59499
65195
64889
22724
79161
22315
50553
34385
54297
44163
60450
39386
97507
14748
58435
48913
98714
9679
60332
73976
21924
70029
7624
60235
51177
16356
62031
74250
97656
1500
61207
57154
83046
26095
96229
62206
48410
63134
12942
19058
23648
89743
74795
21154
20842
49582
86418
19556
59260
63102
9883
97535
33130
17507
74121
84306
50214
36152
74908
64222
37651
36114
37727
20697
78560
50308
99254
43321
13441
12196
62379
53440
18290
37173
90945
39132
3106
77362
75039
62365
56815
84921
76251
89944
18779
50372
90602
68993
86523
65509
33214
40525
17974
70940
77573
96533
21247
76827
39854
51039
5374
18584
20830
40015
72108
11774
79146
75214
5488
54184
53930
62302
55457
46533
52246
74235
13256
59199
43227
16130
24707
92792
56654
59032
80084
50579
71916
17682
43757
28121
85073
65482
46704
5902
5496
35164
17676
84642
10377
23163
55177
80658
1816
10633
27190
54061
84868
40445
13259
44446
56574
54317
37238
29580
29700
17321
80158
1616
35002
23914
46088
20074
89395
9144
42328
94890
44307
60003
95883
71035
99517
51060
51692
1332
78044
95234
71745
62911
52030
1355
23709
24956
72024
60946
54535
18075
94618
51044
36042
45971
74957
82130
82397
80703
91273
24724
91944
51931
1078
4179
22965
16946
55238
91008
18277
49633
86241
6373
28896
38271
24080
52604
63226
96103
29901
34112
14177
24518
85155
66571
70488
76463
48700
69236
73517
56324
93959
65460
8254
95036
69638
31218
11981
41227
38577
46610
90860
24818
69334
36107
79440
93413
88710
59017
5867
18610
93128
36396
43127
94634
2966
29966
71096
68017
99202
44612
24340
9512
26423
48945
20900
12413
96514
49232
53639
35090
12193
60850
59907
81527
96956
55698
74939
85665
14714
97158
20626
7841
33553
80104
2474
36518
10070
89921
20886
25623
50884
45225
51486
77307
94169
72385
89719
90682
21617
59709
25771
33809
20559
2030
31687
33866
57727
22978
35883
88793
20135
56508
96633
53687
52964
15459
6556
63033
21731
27441
5007
72615
89017
56492
49921
83185
45229
55991
90218
66845
15699
32340
17005
52609
50721
48692
86475
8448
71669
38709
13592
91803
95216
26576
61841
48179
42034
84748
27563
80117
12188
48921
52731
17556
21765
2651
740
66993
58641
7309
50189
90691
39648
67193
43300
6721
32236
46126
31520
3904
84834
45111
12058
80049
71686
90250
44580
30072
74997
88494
10188
3536
53767
62918
21091
75531
81920
38182
42523
56912
45490
92711
47602
1490
76255
90901
8210
8491
37026
56081
28746
21859
1191
40804
18260
72876
47405
79191
2947
22402
84036
13134
42289
37802
92403
63380
29684
74322
17913
88558
31233
79755
97620
95187
97596
73875
2439
22157
98717
55817
78237
27462
94027
79427
84617
28638
52302
32022
7828
71601
70775
8216
1086
13063
62369
93489
92794
92053
84162
10707
96962
31747
90461
94582
26933
88056
84808
45723
10212
83524
1539
88448
10985
95566
84226
11954
24203
36527
43975
48383
24479
31101
72950
25565
60515
35318
35405
69661
43722
35918
80367
40684
67664
87179
35265
10948
91586
36424
56671
18149
19947
58209
22948
47283
53774
7173
59236
94329
60051
19562
59063
84530
50662
32012
26446
27529
67329
78202
97189
27403
14119
93907
68086
81783
81085
19702
92730
89022
72477
49400
7170
92423
23961
30117
39705
77734
53641
15293
88414
13691
34854
47476
14572
1868
95839
41017
29396
63168
19218
26584
6922
49689
20490
91359
31471
17926
27412
40552
6947
99888
6304
30468
92310
30264
76936
48366
7997
30576
63658
12763
44266
98512
60238
58838
16731
56077
16206
46126
35596
51776
89061
58869
1464
25902
50227
49286
60179
77638
89837
67125
93877
96140
13944
86186
26403
90879
50903
50752
21454
14561
79866
82071
29424
40103
57260
46154
12531
73466
8631
64478
41593
97691
39698
59408
23592
6276
8693
83770
83913
14881
67246
94141
11021
97541
96678
53775
88419
47581
20878
26224
78493
743
8294
7916
57198
81906
54069
86080
55371
79051
66910
13315
76741
6607
72722
16684
12883
81414
16805
13147
96294
84050
7288
23666
81590
3965
93793
86360
67897
31022
12583
46389
31765
37228
54304
5314
19133
24724
91393
90855
3774
58302
20521
96866
81261
93242
13549
10495
91007
30353
39993
3653
30754
63632
43670
12343
67597
37462
15054
51845
68484
43988
98234
16600
97568
68889
21913
33052
93613
29657
40259
13738
4311
60779
10604
85571
70373
24152
12417
61379
70857
52409
65031
1610
16041
8701
30305
99989
62514
45358
68185
47349
5698
66418
80300
3265
35307
2212
52668
45271
31869
92926
59008
52531
53705
85963
54453
24077
26467
66869
1807
97323
35629
66838
15284
68021
91890
45588
84361
70755
7298
52546
18104
29347
18963
98403
32611
54269
16967
85278
15891
65187
94556
91251
17717
48260
77213
72169
88688
3679
55389
90494
17353
91017
73683
32637
59038
81924
94576
43398
52679
18225
95943
70782
47571
31258
85536
80181
1878
2502
81811
17769
84040
76366
9019
1756
40977
2583
90276
46016
6262
45664
52861
39966
53033
26544
88954
28422
8467
99882
88171
61145
18106
466
48278
65677
48075
33814
62209
49952
52667
44019
67720
36707
36736
93090
54814
94064
95673
61442
40079
18286
23457
9292
74603
92841
35835
63557
21262
60653
63438
25785
38150
97895
26250
86427
63571
74324
36592
25780
40627
5611
86150
24699
58669
39238
17788
29834
33301
29812
91275
89732
64449
14732
99023
39052
7572
51209
18960
45186
11861
98749
70970
66362
96643
13571
69141
60214
4246
5732
2345
61224
27694
88494
85922
86362
27731
20062
16196
77384
66225
7470
67115
30674
38553
66137
86077
62477
33697
5036
7662
45557
3784
94983
28271
16778
24905
97411
76991
29150
19494
95687
6725
47188
84181
92647
49901
28263
12708
66096
5646
95284
89918
72760
25957
44822
55248
12033
7298
88944
33420
31311
50853
53555
26293
95475
70333
67549
92885
63675
96698
12378
59362
3423
75917
43542
12421
25818
71804
41480
8265
93802
36763
98182
82913
62720
43004
38161
91104
66653
43456
24524
97964
10660
94430
40608
6134
64762
8157
99018
28437
21206
27748
87798
40980
3664
47691
53400
45833
35846
11231
54098
29647
47994
68631
28912
27065
27986
67072
34520
94639
26879
59043
92602
37539
53473
49561
60024
34586
57717
75394
63022
78923
3141
67171
36254
23156
31213
89654
68989
67059
884
39438
13057
65229
8068
41968
92293
36054
25391
26813
30692
68622
2207
39645
6160
72031
89205
82535
22969
63274
57928
85990
58548
61068
69513
94801
576
725
806
69564
84135
18042
9001
13544
83270
33420
71863
91915
69473
13606
35079
164
82227
53637
56160
4738
25668
61717
87272
48636
41342
45200
50977
99889
22619
36841
11041
23194
53918
28199
9109
54404
46240
34461
84299
45861
67881
56162
54127
37353
86119
89205
53869
84697
59194
26380
89434
1213
88096
93057
66200
45789
54608
17176
45677
93579
70369
73070
33124
24286
1268
42233
95041
63859
93045
79340
26071
60925
51853
96550
14630
37971
2106
84850
22667
61299
27581
28452
62511
32029
21508
28710
77817
76116
62238
39846
86046
32606
12915
19169
73243
30534
61401
68283
10744
54446
47622
53166
31722
99474
49715
62703
37444
51821
47552
76462
29471
75133
4913
91982
23513
42773
20691
1329
18888
99280
41174
21285
31885
54088
40453
21479
973
18206
89762
11716
89003
37383
81234
20724
53209
30948
99779
7004
99120
47330
83466
28591
38814
4730
20572
62326
47502
57614
80007
82741
56894
21180
4025
5130
91620
44478
26609
8944
62683
32722
37012
51685
70104
18245
88760
39664
49192
88538
46668
48312
52220
46485
93254
7385
51214
13825
86063
98716
87790
66069
81456
61035
3600
85481
66165
95219
46310
9125
4163
8992
41846
41174
77028
28301
75770
65787
67965
24961
54325
30984
89624
22896
77468
82877
30280
28681
13053
32694
43748
17195
98762
25204
78229
2362
10684
60745
13932
56993
69869
18094
82336
28066
75619
59363
56367
51388
41501
40683
92701
12177
88018
98676
35072
65485
97905
81704
10517
27309
14397
54265
44503
29511
79468
22732
31872
6503
83476
62155
79847
69697
96601
78534
97762
72219
37896
70480
39959
95748
11162
49011
7925
99179
47686
59348
81015
45590
41051
91532
72899
71800
62148
33753
1310
41615
56484
49533
64469
56312
11687
60667
26008
8287
39200
23769
96858
93447
94249
36816
89194
21762
85826
13470
37293
49863
72818
18307
11805
30220
26190
1055
2019
88337
34807
3328
46303
91291
52860
27123
63954
64547
87789
89961
89185
26988
30081
86042
36786
24329
22857
42332
62443
25034
55801
99735
91249
44970
34393
3053
75190
60583
4107
93560
65271
55265
96888
11574
62907
66099
55048
26860
46997
42837
16820
36182
86176
46901
22223
22962
87581
61432
65293
50023
2817
37445
66109
10417
82415
502
13469
73956
77436
33927
67515
42706
89192
80754
70631
52098
46853
25679
78958
10201
68515
12129
62734
71042
75381
84957
10355
79314
62740
75647
29336
81908
29444
11797
92325
11858
12298
22145
2165
6085
72424
69679
48790
61615
50433
19421
30064
13637
61451
9021
40189
46317
37502
2923
17358
12882
4231
27713
92195
83322
19711
37883
65229
49154
66031
73905
77363
94680
96050
79527
764
68473
65558
49553
46439
32342
85325
76502
62330
63127
1875
2518
9443
55728
5440
26801
68609
9670
70865
77156
92991
90575
31390
74572
56081
97420
64828
33443
92099
77229
29322
92862
62053
11231
58766
8491
59924
60443
1345
22253
23569
3219
41122
33012
75298
46562
76164
43906
72583
47028
37413
81926
53954
68802
72849
10034
66221
37676
59829
58319
14905
5502
67532
76957
33084
26298
1800
93007
3092
19496
15259
26660
39066
72732
76023
14363
35645
52186
58268
8228
15565
12033
6505
85871
80834
95705
12256
63407
49732
88436
21725
80988
93937
5609
74297
43372
48258
76096
36378
51349
95591
67988
78008
34656
40720
70383
49018
76364
38920
23637
943
54485
35669
23799
56707
32855
35855
68962
96261
85587
57398
34337
66574
67686
39945
40870
11058
88202
33317
47435
39550
28907
31775
33910
79914
72494
20644
45283
65209
59563
85272
82504
14047
20940
6302
87105
70146
42157
56067
66406
44095
13464
743
10668
81149
40687
51538
8558
45241
84854
55993
1142
30113
4119
51403
26378
92964
72046
71661
74524
31609
56932
57027
62007
94223
79681
49112
64369
38189
21530
47126
82283
34993
47868
92950
32493
4907
60839
57403
50147
62045
29747
67640
8509
33865
19043
34886
26828
91088
22898
1351
39048
96181
74730
1055
6756
54410
66518
87476
92598
88047
34601
91232
23039
98821
533
71883
3727
77724
29285
70225
39768
59031
37864
48276
9247
73258
99513
36074
64346
22411
53777
19745
34943
28506
20799
41698
99267
87316
29173
8216
75362
80126
99447
14752
78946
99979
2987
99024
77702
48623
69248
33821
7654
23463
98448
16900
96721
97961
69326
77418
36723
39454
97162
88017
67959
34313
29715
67225
21628
75239
75440
13342
71716
91238
44445
67013
91216
47431
66036
85270
96054
51635
35442
20059
75098
33890
36958
88170
48202
22635
65587
1276
62088
79100
89292
46398
13412
35358
29974
51392
10597
21765
64733
98664
13002
25529
65677
20570
72960
31712
5839
85365
99699
41280
5423
74796
91521
58732
62965
39722
81367
44903
40997
59806
24002
30289
6204
53766
81998
36177
5157
8946
57942
86241
7610
87295
11769
73286
7864
1080
21349
30054
86444
21047
87686
91866
12194
79206
50598
91510
35280
48316
36412
76276
8121
76766
22916
30676
30531
4914
83205
52039
13859
57498
38279
37820
44792
66399
27457
52656
67479
48806
99061
53922
86204
86746
62140
14750
82304
29089
6259
17583
77404
42671
10210
1876
19436
49478
32552
66318
70743
15756
18356
953
73253
72986
38773
34396
39384
66229
3403
23214
31386
2464
93488
33942
89209
55627
48691
87864
84715
71301
5446
78470
13971
32008
80345
49758
97837
29248
32427
68579
61355
50782
69531
50959
23767
24655
85355
79503
7236
88757
2716
54973
91220
96203
88914
96781
51829
53956
84644
52895
25257
6442
31364
55579
54801
28061
21689
52637
57308
54115
37567
18663
4897
23449
69621
45015
48104
71327
24517
71691
60084
43585
26663
67655
39787
15577
80787
7968
85884
81783
77214
11140
4576
8578
83071
59376
52990
4759
28364
10297
58873
65930
45311
80121
89378
31284
25136
53833
2610
66004
25523
79045
9588
52186
46700
65727
84114
27486
90046
86349
9268
67259
97489
13843
92188
96911
89570
45177
1669
34285
71826
60541
214
17136
40662
5944
48419
65797
76128
51029
48152
18003
30073
57740
86540
93124
39818
70653
36962
29863
57001
46229
97121
70841
76424
5661
67751
82345
50837
69419
16630
22662
46312
33195
56150
86973
55490
4568
69121
31618
71948
33624
65972
18373
7715
52511
11496
47532
23163
48457
77394
96515
11038
90867
83708
3813
96527
67810
86157
63715
53581
19138
2729
99892
68685
58878
3216
24174
79797
72336
72143
51745
22311
38114
86469
30026
90624
14316
77557
30138
62773
71303
26653
90162
62169
26712
10326
75047
94521
12834
38761
48101
31972
41489
47992
656
16718
51207
41181
96515
39894
13324
64611
62205
51437
51079
92230
42061
65394
86138
72198
44518
57440
15202
51031
35960
41913
61356
11006
52786
74190
66119
886
22513
23959
65230
39520
40677
32788
80700
53543
89034
94023
18153
67590
61812
85583
76171
3872
67328
62308
92421
28198
36100
23975
79228
72059
82239
56936
99417
35024
47477
65535
52262
69989
89493
33843
25860
46521
66630
6559
63
72015
582
34567
39604
78745
20149
15774
98968
3829
94434
7740
32026
30533
31714
11253
18943
30305
84540
18359
81680
32016
83893
33941
18356
89738
84135
44215
36258
67117
50774
52673
39131
67707
87239
78735
46451
23740
10860
45418
27568
21645
53157
59593
68529
1223
87197
3824
31527
71737
22182
29558
3752
22427
79851
22108
28516
63985
66322
64773
31101
33447
33797
70232
1153
21036
65318
63955
44775
92529
25724
88694
14174
78881
48286
99054
96455
35482
2877
44333
23570
41411
73890
27322
63837
53740
65781
8704
17725
48454
73476
48825
98253
23625
35408
15757
44660
725
79712
5786
9606
5435
94479
40131
667
59116
39184
97121
10949
58413
41453
34519
99823
15343
78192
80011
69082
43972
88714
3158
8777
78541
51983
7029
2165
3742
22786
63176
4467
18849
68961
30424
24283
79791
70554
41302
38906
9737
38422
49855
68149
96227
84373
84323
11569
78916
64333
97002
39239
69398
160
48015
47939
68494
71396
50103
88587
10533
13279
9405
29381
98591
39828
70015
78382
10381
11316
33639
20118
66090
99845
4618
62316
569
88941
90236
79484
69625
87237
18722
39023
3748
66737
3313
88593
54484
53415
77180
65016
83045
86584
10748
97988
26412
80762
92721
36792
92078
26359
73261
58167
26204
94231
36834
26772
99523
27069
22608
69147
14305
41329
24521
34405
24417
27833
22997
78900
97600
176
60267
96996
3112
71014
94983
29523
51776
87703
82666
60205
30414
72279
34723
72969
66509
71556
16092
66031
98624
38699
51529
12928
80028
76050
63684
4444
20234
86681
99696
17833
3208
59962
14829
6319
30976
26163
52193
99103
13866
34859
59307
60631
7137
94029
33599
89997
65584
49690
56027
80559
88389
7555
9838
84768
99956
73522
5563
36542
60202
5258
54374
79761
65220
85554
86080
12547
28069
38272
11649
41934
89482
70955
18916
12970
81335
52514
2966
63270
18555
58992
43828
6943
82899
53665
8062
99206
43538
13625
35747
3739
35234
6473
83500
453
8378
85931
29351
36446
24202
40999
94731
30036
28305
13646
43005
9639
66159
45971
89260
84714
21314
33087
8008
20564
3104
32422
19770
46641
46046
71868
66732
81279
78340
66583
98084
86718
68865
27434
39515
9418
84785
34246
39453
13089
47891
82458
39080
30402
28428
44691
31467
49741
94130
55826
70305
13585
88247
6426
60225
50644
78293
43308
48275
72985
26242
62710
76054
95106
90143
15568
4524
91279
66165
43976
20720
14056
42785
76151
60809
71212
20841
92275
37305
14970
48100
23961
28554
52699
46738
5131
19694
25030
64790
67968
14366
7384
30677
6771
2489
37172
22339
23364
28450
88503
83692
65521
18910
26476
41671
79718
14040
62512
88344
67696
93833
52796
91656
22387
5494
38393
43869
25187
79774
8658
9507
10492
16041
40183
17262
34882
93706
39600
74597
38508
44455
58288
4028
79716
1116
45699
59434
15155
24562
47777
99202
18394
572
90857
40780
22417
45601
1000
63956
41726
9658
73462
52217
42050
29996
69479
93283
40054
9078
67880
78561
69884
42519
82588
49600
43634
44638
25385
75140
69199
89513
74341
87593
6437
81549
44724
28853
27149
45724
92808
68875
71733
82621
21091
30134
28969
6921
23417
69022
32351
7648
47582
2234
50166
46521
68185
10152
91159
93569
85291
76709
99434
75984
64301
5870
73884
25377
34722
1033
87452
43882
86259
59184
42854
23701
5669
71822
30622
29085
40843
62972
53084
88424
81557
3250
51297
66094
29753
42455
59662
31395
35515
59095
7378
99816
81316
97614
41544
16038
98646
28995
76271
1256
88178
19124
41308
10198
90946
88281
55635
31788
67604
8718
36564
49161
28319
4212
15254
58071
63018
91267
5818
98532
66714
29547
98347
48029
27160
39890
80418
42157
85236
56688
43412
89765
92164
1072
99963
83109
89352
55597
31248
56956
64314
84163
22468
8985
88374
54073
67055
51391
45339
89224
49923
28404
18771
64621
92785
45930
20863
73202
88087
6098
46242
47850
95863
38405
48921
95825
37865
38273
67773
85464
11580
32086
69627
34047
57422
58000
88119
40829
25743
49809
30052
92017
94565
48822
56637
87349
94752
93851
76902
99190
99949
23143
47039
12163
77899
95960
24339
32115
50584
92111
17579
62163
40548
3557
12561
97970
77908
17031
38798
3650
83191
68849
95666
77755
34023
68655
65103
45126
62505
42005
44315
78805
81499
91353
90967
75750
3664
15305
24216
54247
7415
41794
32761
47963
45350
61673
62284
23258
95055
1081
43259
78246
86281
55277
56000
20303
23931
37455
65428
2787
95811
26094
81592
93661
17447
72558
69410
37462
4215
93626
8061
11629
51771
57173
75943
13473
18846
54578
53082
13900
55658
96340
92145
58291
51616
64497
94945
91898
1951
76725
94685
14113
2818
76276
7773
36616
65185
93535
74078
69399
3512
82138
97380
55282
39310
89674
85106
74507
44252
38187
88407
16261
50879
96903
90903
2494
77751
85848
10744
96053
62572
5428
10165
65389
98055
17938
18357
63239
27824
92434
48990
31335
90923
46369
2968
46584
52394
88074
37443
96645
42612
25849
29258
93490
39103
20160
12336
16854
6007
23079
12906
84930
44858
39423
66671
42912
73712
85027
22502
1535
93812
71491
32869
84734
34211
52188
47669
86605
40261
85111
83249
82873
27311
12506
92714
66414
49018
5049
99619
55024
28127
28876
56306
72984
68298
22976
32247
42009
8002
54749
43543
1813
26239
92763
2898
60450
44951
50566
63406
1563
52029
46654
787
79339
75512
93501
62104
40881
14901
78074
12256
43028
6950
68561
32363
91599
91536
64610
33608
15889
35710
93502
17701
78300
2617
36950
55101
47567
3868
18506
65481
55896
81512
82620
51586
73375
92472
30042
14255
7372
8115
26510
66751
31416
95071
15466
23015
2958
96427
72974
18847
32136
82827
52899
10435
85443
89849
65536
49361
10068
393
14842
65963
81904
97461
33900
55278
6284
63941
85884
13655
88408
12394
80406
19823
23816
12223
59189
26773
8649
48514
61971
40784
31341
14870
67570
16783
21070
49457
66144
31137
49850
80985
13451
48105
94797
47350
3383
17432
27643
89266
31086
16050
18011
27843
52224
58178
40065
27765
84951
48713
76278
63273
5848
7618
78142
73418
24401
15563
22874
90544
63051
89075
87880
76501
37180
99028
40203
56914
16459
84197
62531
63896
246
80542
91739
68821
38719
48155
96585
40021
96868
72863
3294
2715
80480
97787
92484
4880
29702
31710
11775
92752
20784
16006
85605
57963
15033
42159
14876
47843
26355
77407
11739
26600
74300
3477
95420
13018
67983
8357
69391
64850
81219
89036
83917
61698
86822
92752
82930
32875
24461
11056
25627
45245
27062
27583
3207
58446
69741
34435
6289
96095
11841
18027
39046
86140
37855
50817
15509
5837
59173
84899
87039
40391
73934
87307
18441
77108
96410
17722
9982
20871
28777
51960
66115
72190
95894
85673
30636
65634
20107
36924
78080
48299
71302
17125
50790
25508
67942
66299
47696
43466
67549
51086
83857
57835
54744
18649
51294
51154
36370
61275
72024
81498
29587
54490
53688
25480
56514
84323
7466
92973
37598
85545
41271
25251
2670
92061
50758
86963
74711
14805
46780
42259
65891
30636
16445
36986
65636
67738
88139
18357
45365
76514
99855
74951
31003
53542
16782
87517
54216
40599
96841
91813
26144
38111
17063
45165
46523
84172
48479
21233
98976
95258
79844
81218
42246
96288
18204
7881
64026
6342
26238
25742
99208
42444
692
30210
95985
33825
34078
50200
74424
30918
58364
16919
85381
75426
78435
31903
75949
26913
69488
91276
38522
65683
72494
80767
78322
7049
5000
58699
29742
47589
84440
28949
90032
1483
75511
2368
51660
9588
68919
42435
56858
27282
59353
58590
19059
54139
90492
11359
81051
76331
2634
19572
58365
91479
16691
36687
14879
21690
11737
44621
85630
96177
89921
92013
14011
65431
94380
65670
91371
63298
8104
64580
6931
83808
23169
42341
37946
30012
53699
18996
22695
56332
54920
81059
47811
87962
34097
62689
26003
45834
23661
11632
58362
13582
3644
72372
95364
14375
38042
3086
94024
62497
67665
17306
46305
90833
59646
84250
20845
13344
19598
43539
86027
74517
40949
33837
78830
75046
12878
4832
37231
52890
16463
95592
82823
36458
84315
94539
67184
38708
97624
61207
1205
65289
94864
47509
72473
54509
31758
93317
67852
51355
53207
53878
42223
94156
4067
21052
85553
33296
25883
39135
2537
58697
51078
85360
11506
35392
79898
78689
74100
93873
56247
75304
59161
51110
39164
31634
5618
70921
41302
89821
38628
10861
60051
97202
21368
64117
18254
23272
13764
60488
62406
16300
35537
13483
18011
47042
65226
14260
42083
55677
8133
14681
47332
83645
65791
86495
31630
87760
73768
89284
93933
28747
144
53983
25948
21511
34451
60553
61134
64566
37393
23539
80865
72929
53373
15228
36322
18598
29487
78404
90627
37619
9437
37958
37616
91579
24453
69245
95690
14572
58528
89622
43318
75023
59956
69265
96533
94406
46170
74018
58971
83562
97556
56188
56490
67280
71415
92811
85878
17253
87567
76504
71224
13355
30813
8839
4933
55265
78083
622
69836
52963
90244
29505
27985
50199
15122
40870
60957
61291
14887
36279
44852
28795
8818
17693
96074
96584
26855
98303
13837
30773
74806
1412
44127
21971
10250
49059
77235
4684
49681
63423
73998
56276
9279
1983
22826
24400
42852
83782
85690
74090
36413
46893
2884
61582
64585
98958
58166
7792
97260
88354
38564
88418
6117
82691
10388
16366
31749
3974
37401
97781
83748
11399
54056
93027
29733
76882
33778
72584
77015
19468
63025
29779
82712
65909
91361
63649
81218
65878
71440
94829
70583
26355
83246
76699
9045
9985
93064
57146
30311
46816
71278
14058
74566
25334
23436
4298
18567
57214
76881
11933
93033
56258
41712
92096
22166
49424
55744
3383
15301
43535
98211
85883
69890
97809
62581
78934
24145
71996
52431
54455
35163
23709
84865
9729
49042
24652
14026
83960
81865
7259
95892
91249
63516
53955
83345
2033
3378
39088
5415
18678
82623
19977
20912
52512
34137
99844
47797
58282
88191
228
12736
23354
40288
13952
33082
5681
38604
63459
89640
36820
70717
1883
28069
50584
55838
11413
52616
59215
66852
74382
94245
65826
94359
15156
34689
28495
15000
82486
86776
3190
99065
15864
42895
55704
46167
92328
61384
84770
55787
51023
21590
42855
52905
49658
93439
8742
77422
46054
84309
60625
20436
78553
26451
31146
93708
77491
75992
25059
59976
79120
44601
75392
94983
87495
31095
41149
79823
92478
42271
51961
59852
63860
94815
29109
29869
88253
54202
23642
50659
38510
618
87446
17062
27068
34943
27122
4559
10934
52180
80886
90053
96780
72630
1387
627
20076
42536
80449
28906
1158
32409
5109
81369
43575
34217
27589
48180
88419
67582
15190
43280
68199
2635
60342
95267
37577
3815
16177
64862
55994
13414
54915
69126
2395
56301
69752
22471
15188
66552
67728
16345
98960
72836
14065
58886
23405
41653
7065
11823
9234
22254
71454
77433
41240
31795
89051
78816
35609
21579
60030
7955
51344
14944
77080
53739
71244
63183
92561
2784
29734
76640
35480
45045
49475
49545
3930
72879
91197
10995
1053
16783
49600
72507
94215
90840
20653
99617
86007
72614
21195
46036
80568
88890
60979
73999
42628
48575
53533
51540
51358
83266
28179
86837
28310
77654
52733
48591
66884
43930
75937
67937
77064
25537
56795
71278
16376
77447
87246
2382
66412
24792
48418
63331
13681
25748
37329
56309
90674
90861
24200
58383
90478
52379
61572
35139
46384
14304
83730
13267
74585
76018
97555
51648
1554
70701
39277
17929
64500
26522
36663
30911
51313
1432
94242
64994
43531
47922
37654
34205
55135
61853
92587
45612
30583
54158
97103
76966
84814
97184
6585
59398
73201
4139
11046
74755
74840
66674
9035
55691
93196
62049
86601
60860
63480
80842
42205
7011
45116
79858
57567
250
58063
66505
62213
4997
37015
59315
81963
21828
56498
88547
81225
29699
9037
8622
20805
228
75296
46191
55918
84843
8240
42519
45702
71719
39712
87907
95081
1179
84116
68999
1428
58530
35504
79993
63527
72518
39307
61841
94345
12157
50387
91921
58207
75775
16895
95363
76003
8542
41553
31920
93384
49792
90790
39085
37863
46854
43343
49295
48032
43811
18294
65812
2340
53797
45804
82218
42666
1462
44058
53362
29970
10796
45282
4528
86571
78528
99890
62573
87069
41443
10844
80452
7586
17986
35889
45448
81191
95583
94743
29222
39393
29388
11385
58085
99536
57188
56654
42201
75002
712
11914
21323
11507
57195
25851
14429
52075
25740
77001
39143
83534
4197
35947
91120
22182
88187
36567
3372
83769
47661
48945
39514
93400
60330
13950
92935
33869
70603
51487
25222
87666
63400
46545
99173
36947
72395
13601
89021
14486
6954
44515
98020
11150
80461
89139
49683
68647
42057
69406
52416
89718
34702
8281
83117
95031
22230
92404
45252
92832
43890
86825
80498
7290
49721
96022
60588
22115
25974
49608
36601
32927
94122
50972
60428
90935
40110
26462
59581
82166
95867
28348
88235
30569
36628
87704
41951
75209
80107
3554
68041
40348
6731
64890
63989
56451
60911
24576
78566
86884
74183
31518
36163
84657
82489
96590
75591
38950
39404
51523
21115
35270
96223
9350
82190
49202
13405
40493
24411
93511
44046
92451
33858
50776
73692
14199
7227
34602
38774
2144
37837
12957
50013
73999
13965
32501
86941
5907
71450
26344
57429
8916
77965
70003
34617
60155
19205
48021
647
43615
57883
61044
52417
8093
28172
26108
22291
35398
77061
61064
53893
14897
90372
3905
5248
4336
52757
92188
10242
40558
34883
84023
49473
12847
54025
442
89353
89581
48462
89999
33195
6345
67395
1963
14437
95566
44422
53079
47315
37834
14142
1207
52731
4514
21463
57978
25201
74219
66517
51795
31128
17751
52169
96952
30597
6193
97393
19950
12126
45855
26300
61672
68551
93694
63635
99339
5611
24408
52417
52925
62242
82910
70483
31324
3775
91945
89301
28976
82515
72169
80770
29994
89919
32938
26946
36867
55482
24338
73168
67607
86544
99468
29279
71446
9513
9265
87136
15124
33672
55904
84400
12265
38814
54883
43588
42588
63179
49240
87915
62046
21408
85036
92039
27678
34325
18984
64545
89807
59674
37712
73765
46217
53531
19395
34015
79396
28659
21150
10871
78683
77054
95270
7299
32219
66504
50887
74806
29683
126
62721
91728
37886
47756
83766
81915
82081
19102
62811
88239
78775
16875
78355
41343
70405
97750
75357
49800
42760
12859
60670
37794
89912
72292
45093
22130
38795
12331
13287
84829
12456
92359
76556
66693
56467
76674
48608
54899
95775
11418
59489
90901
28292
37843
32243
15049
51944
23952
81200
94704
36810
58222
48849
43073
30513
10293
81554
85659
22623
94840
70488
51431
3551
63395
18123
60017
56420
83082
14915
52194
94500
90755
59446
39143
28597
91689
70543
80541
31992
68095
91596
68801
26316
40444
28225
73180
67089
9778
58838
89711
20969
45677
41141
24519
9072
59264
887
81843
42345
32153
50389
53196
22907
9834
8691
51504
17874
95585
48396
49865
63679
39991
18665
89994
96786
46889
63173
63874
73018
38363
53585
93987
84039
11077
34857
9462
86692
35744
7657
29037
67896
58045
98584
90803
67878
23626
58658
85752
19211
7053
35616
99241
47043
70633
89235
60180
33873
68759
24054
23243
23473
93990
17229
23864
21418
68437
49677
8110
4180
57333
53498
72076
15377
68433
79230
99607
92059
37887
85358
27621
44939
37325
26861
8333
24309
32447
68512
74534
17558
8917
97776
41030
19258
31356
81245
40676
99792
30922
65137
3972
88254
18634
92399
19983
87066
87980
19589
79124
25866
4946
23096
87156
58622
66309
95488
99283
98755
80351
73816
16312
5620
71591
73694
41229
19298
54938
98256
19089
85859
63392
39412
90465
82025
48162
10447
85443
36141
30035
80918
62006
51332
4014
49161
26305
70322
61000
25587
85428
57703
99402
18092
63322
87344
91785
20902
6641
63074
19158
42082
65285
82549
81493
55749
80926
46007
82547
82720
82147
12581
63637
60505
80264
84002
26017
6568
70675
87017
32155
72455
44719
47908
90546
24392
35252
98682
45293
58244
61755
80802
325
43391
79703
98170
15491
60628
44176
98037
59699
42674
26969
39687
3178
7232
23689
29195
30152
10715
16211
62306
83169
77281
10213
73714
18024
61816
72395
63316
20060
50502
44118
36736
10244
23820
34905
25735
799
95432
23771
76849
38106
67092
16535
41283
74323
40223
86829
20826
67290
19391
83131
50458
96671
9696
24172
31046
71511
12918
94362
7922
79771
54831
44658
90015
95002
79562
32101
12152
91346
72223
89000
45803
39314
5534
3437
29989
62109
90266
50814
29398
9656
50297
96207
22679
59992
20378
53724
47854
49648
64437
55776
45770
35619
433
52136
46972
96346
84236
59123
4043
72811
64474
49845
12124
86360
53282
58464
64820
43547
25630
10569
69554
75926
6775
92232
52269
43505
62308
122
93152
43096
72249
55273
78715
89033
7409
25686
85379
7996
1161
5773
80806
81986
55618
9282
84697
8899
67745
49516
68797
9726
76436
38350
85651
83211
46934
54271
26715
25593
54393
36218
68688
42993
7842
63754
32026
15250
89440
17404
39598
6952
39528
20403
5289
95145
46036
89986
20395
30133
55853
89191
39858
32289
43893
25509
15499
7178
79779
58565
49122
50523
11134
17809
93516
18975
81563
25541
50577
87354
59296
90174
10657
98823
26928
15945
10320
72964
22282
30714
3096
78135
36257
42953
10423
96501
84813
25921
20030
80944
837
69151
47818
28322
3311
41333
63648
84873
83225
30576
88578
58872
37101
99234
57695
64029
31531
84366
53344
53812
15079
72791
31946
67687
32095
42368
64187
33260
84640
568
14203
1828
69718
62020
30149
73029
19705
10149
74253
19281
40724
79183
78153
77825
94768
52199
41853
26298
36564
11548
96462
67994
84338
28407
35681
32784
87127
16219
66043
88118
33139
96597
6298
2856
74969
36446
92236
94673
46594
82841
13953
87318
62023
8457
81494
56790
60655
23346
99440
97218
51245
95901
81564
51934
40659
17244
84717
44137
49814
50760
48607
82952
63708
54904
2160
38676
7701
10747
33348
70647
93587
63653
74316
71961
88461
55809
45103
49116
95506
60894
62685
46750
73146
44248
98683
30156
77843
99751
74293
27657
66862
39251
26960
30570
94154
29119
69245
18206
39866
18945
88852
49804
98949
79519
38117
87409
35327
83219
36524
30832
60464
99209
93933
33609
59808
8967
63764
37651
8718
54408
65307
75579
10010
92266
6148
20515
37737
91745
38721
93954
10689
43924
43757
9637
23443
98225
97045
58769
97795
49921
5953
58258
65481
16237
91866
25288
25204
71982
79290
50273
42741
60948
42203
52751
69566
64703
73265
7302
56447
11985
1255
83487
55909
61363
93123
95703
59588
6519
54471
57382
72791
76775
15640
38271
9364
23857
79911
50919
12190
59200
1191
54931
20148
59745
7681
89713
40799
80945
13366
13597
9282
30972
97083
81542
92334
6557
77244
51921
13076
48066
25655
85866
24841
57646
40489
50556
81502
20399
1474
93692
79598
19016
48622
16097
78760
72654
22161
19559
53598
35526
33155
62879
66497
46590
44420
75183
53146
38015
27103
66221
86081
69109
68439
10921
26754
8927
61476
8256
45677
79301
18299
41626
98316
83272
57723
93427
55925
96235
29337
9522
31761
78844
88753
14609
25433
49524
89791
78578
87539
33246
61151
73619
2354
45941
891
45460
54867
78718
53715
16895
58018
88365
58520
72685
71636
32594
66111
27560
28829
95448
53433
76941
74291
58537
91549
99723
24413
97692
94652
28303
30937
55802
18273
49642
1742
19163
95101
72960
14232
65167
89854
88601
69883
64726
61285
41518
97319
43747
85429
26147
39194
55214
3087
29836
30102
10988
45910
54514
8679
40562
82816
55967
12715
1088
21960
30809
36602
17061
3768
67185
98579
9974
72137
68462
74699
33421
26331
72017
93520
28112
14516
32713
83325
33954
78901
13426
44941
24810
84292
69971
65371
83459
25937
78086
899
47897
25246
37500
81309
29013
21037
96239
55338
93173
64700
46388
42946
7383
34757
36465
35494
49272
85529
35170
83225
64429
64947
44518
89239
49238
14488
70961
49049
56777
65398
49947
4673
90643
3798
2333
36008
24834
98571
7697
18007
79623
54085
60952
87005
88841
13768
22498
38112
99296
57667
37688
80077
38965
98557
69315
88203
13045
56627
37251
69821
38377
3549
90845
29019
7346
93177
81378
32180
91747
89075
66538
71369
43159
27489
74725
31999
57608
97222
86462
56903
71240
40501
36979
10205
39058
22645
14759
68454
95624
68361
38274
34000
71909
45470
79370
95606
38646
60748
27785
46744
49822
94322
34465
9332
38162
9189
57682
95769
22763
60495
69024
10354
995
6002
36910
56404
44999
51668
24857
40622
36380
79482
74621
24640
24951
53990
20246
79948
31089
64382
26692
97262
58704
77508
6593
13217
86696
80626
25338
9458
41120
94361
19812
58467
16714
56721
14870
61712
24741
56079
18685
77472
35560
93305
2112
76863
63647
38709
56810
11087
3090
99853
8349
78145
77360
14941
91362
64056
95567
16699
89865
53038
11059
9676
11504
27772
82749
26374
5836
7489
98804
24520
1312
34363
34177
3423
11225
14175
58483
84387
25261
61573
84239
33609
39717
61599
64902
47430
25654
76820
64128
15518
29857
91538
41546
57713
35662
40646
438
57849
64486
99241
82368
65797
49955
32896
85572
77532
63422
44054
61918
88683
5626
46156
38643
61695
24106
19896
9124
66111
13067
89604
97981
59276
81141
39526
16988
16802
80171
17425
74650
44656
16665
73370
26804
66619
22617
12375
44150
86039
56429
22419
91073
78406
68575
46067
40100
9032
65963
65576
75143
95381
55179
73123
54656
36319
29000
87995
69473
9170
5419
60474
70177
38435
50195
96980
21406
72812
9355
81907
58850
82135
4326
66274
60540
89252
12340
16992
98283
94654
82567
73425
90035
37745
46547
61042
74063
75546
49037
59887
1067
70807
20361
87595
9242
70555
84575
30647
59718
10281
12553
34919
92415
33230
1192
69306
22481
13532
86297
20764
24537
68863
10540
30923
6607
73439
91965
97022
65336
57353
56908
82755
28159
93620
70349
53752
80527
71275
84398
40244
97907
13303
75163
90321
62884
76354
75979
85365
6237
62275
22480
47126
47490
49371
78048
70448
22809
70012
83821
4497
43716
57081
87251
71875
50700
57599
25626
31226
45226
26376
87822
43132
56030
79336
49805
18913
72041
25783
20629
78278
4409
59460
25403
51898
8831
19802
38698
47991
89814
22518
52487
49881
79598
39737
38107
46650
13688
63733
94227
58913
6460
82048
2044
78841
61383
51848
14105
33424
93982
34734
28053
98391
10545
69807
66640
19375
89608
5337
83718
95773
44207
36204
45654
23804
92293
83760
86805
22332
63844
81032
81244
86655
63079
99639
81847
40814
67839
95952
90589
61820
47037
18641
76562
57581
4799
43202
93308
94406
64890
77025
6531
25448
29580
68536
65604
21872
68647
52408
60555
32491
33439
41798
35497
12870
57789
17344
53683
25627
29647
44271
3798
76683
79263
80360
34263
413
39913
43922
11170
21154
20946
17700
46602
66878
86235
28557
5101
54882
80964
65656
3724
14403
7453
55572
27272
81593
89267
97306
7219
18913
57928
27369
95595
37190
7728
46210
37602
63992
90131
65123
1497
27429
82823
64450
94306
85409
93006
99406
40290
73970
65061
60365
4724
88866
15937
31995
70458
5203
45652
94029
40468
3579
21397
36062
57120
45476
82271
11073
25819
88754
76195
27315
16182
59017
8117
10487
44426
1122
9892
1067
91443
91305
77784
96166
96522
10072
44512
66979
31626
90163
77359
72093
10093
98755
8155
67212
60582
6777
78284
86400
95530
54479
30067
11711
13495
54535
38549
74272
72008
64793
75339
63451
56097
69474
75968
52618
79545
36832
35948
11170
43346
29659
83263
53439
44765
91417
20650
5347
14545
98934
8098
10075
53412
54516
38137
83258
9050
76686
57530
81058
41478
49220
60860
13926
18693
53179
82895
14589
90010
18842
25758
33356
48500
9020
86794
9617
16788
7443
14963
31333
22728
39412
57759
76139
93928
95895
75749
19329
88932
49630
16738
30409
15201
93949
44334
33893
47128
27228
64833
53489
62422
90590
86844
27273
15962
89989
36889
32749
13784
68203
80433
36511
23967
38191
29002
34246
50438
4750
53574
39369
54379
86664
86130
69579
96964
46815
19823
44091
74043
84655
97580
52816
91596
775
96440
7557
90764
49681
40306
4547
17883
37090
41057
41849
75281
86410
76094
42070
91159
46020
97790
45537
49035
83919
31467
45998
30734
51289
90089
21128
52295
4020
90295
43891
21146
86734
51447
11909
36414
8104
32807
70649
45194
90216
12497
36826
76625
4943
95247
67784
67314
93036
29672
16348
93307
61139
62345
24040
28779
68785
61519
97426
89156
51813
57668
10302
54898
25466
22210
91312
33570
55017
61960
95115
61584
90808
48292
38208
12102
43538
5991
79415
52925
52015
95762
46231
29505
74459
70270
74635
43243
48140
72060
32399
99952
46079
59052
54850
71545
81261
62513
21466
52629
40824
16580
14212
47983
64871
52420
60085
24760
74762
55851
77684
26776
51613
23915
72632
42423
10536
47267
2017
58676
35678
50767
74979
81757
9818
46180
53301
7431
8692
74766
60059
65867
7697
90623
13850
72567
43042
73934
13678
34155
29784
91361
77283
97748
31627
49914
56522
58515
97180
58539
33542
32858
9305
8520
14614
35475
71052
84266
42905
96095
59031
2963
61962
83079
93585
75811
71997
52978
49744
85674
87133
95879
93386
64415
9979
41365
14328
66500
99879
27860
25038
33420
77069
50695
58291
91682
86169
29342
92299
29073
25437
67681
48387
87398
50759
58324
79560
22755
11301
45655
8428
14785
41533
18165
95551
51511
59529
26231
34363
59407
54090
59400
9178
31158
26446
67469
39191
12614
13162
47841
58038
54950
15521
6425
58699
66279
81100
38258
5385
92400
83912
30164
23537
41797
48328
19087
9659
24209
61669
44021
83615
32110
19773
9145
63267
46218
92965
18809
58832
6126
66649
33221
61076
98521
55997
36126
64799
37096
74384
86535
45848
74647
16698
69384
16443
81378
4822
42454
5586
82843
86474
89200
14952
6246
14696
78219
68816
7660
13379
43999
13786
80028
77219
91213
94900
33216
27338
59699
86663
18073
62585
32510
92720
79283
18245
25514
60660
39419
84319
66245
22261
70793
71796
37212
93390
86492
31782
62205
10503
61513
6203
24288
57892
99774
31852
52791
49341
75542
12489
36003
93614
91426
84865
2685
70708
19461
44551
47719
75231
28869
30315
13843
16013
2110
51055
9403
4953
99188
87959
31808
60700
10514
72447
18591
10287
4299
71382
59627
79840
222
11981
89805
7999
13197
92490
78706
49010
53392
42776
24240
82260
73090
38083
98273
91552
5489
24027
12856
21028
28337
44663
81728
38850
17110
16670
65488
21408
4403
41466
17599
20977
69799
23755
28975
82995
32596
24033
32004
85987
66808
72596
84599
39898
10678
82871
31449
16166
23249
44304
37193
67937
88967
35272
23139
22428
68294
88626
60187
89048
46444
77785
10024
16242
17891
55351
15588
50487
95735
47592
52825
62542
20187
37423
18791
47216
20293
66591
79733
59893
10895
33277
27830
16213
68549
50968
38640
53194
55945
15178
42241
2388
92962
68617
34981
27204
23967
50569
77690
19701
14512
46867
98594
51050
84289
17385
98265
20934
83975
77997
80826
11221
11273
25007
43785
96173
92326
82424
49366
64623
97601
7959
67010
6914
76575
18343
50470
541
68911
44511
36593
99774
91377
51538
50823
75666
68922
65439
96599
69249
59787
93776
80469
87411
35135
24254
99936
27460
23029
65653
92082
36982
73611
75444
60247
50185
10138
10716
67077
95400
55227
20021
95173
62955
71559
62347
38620
40480
44137
51570
9728
3923
61698
6549
7685
96832
30802
7620
40643
70182
73273
32725
7163
63235
24520
67410
13420
34657
94477
96848
46408
66055
16869
41580
29010
4779
20278
83981
61610
64414
35551
87690
84688
97248
94238
92372
10431
41391
99992
51073
11572
89616
149
35087
52850
24668
2496
82621
75676
13324
95821
38435
79379
12689
80014
8388
33819
16643
92368
95428
81056
44270
83117
82095
41517
93706
74467
51947
51448
90810
19372
63020
96777
19520
98106
65978
60540
16953
48599
36215
46628
44419
91002
26006
73459
87367
50745
7277
4010
43113
19056
1417
87382
18525
83512
45251
12230
74330
13549
63678
65139
32920
43049
78267
52440
57506
44244
12979
90810
92842
65545
37437
53612
72898
63443
27070
60265
14187
50698
64274
73651
69754
65690
77385
88278
65553
38987
16859
39882
68887
96888
21372
1807
39936
99638
70598
97441
43882
99928
88250
53075
81824
42039
6687
54722
5481
50108
14986
36019
806
95611
26022
86911
77652
19758
91540
43205
58744
8398
99438
27630
5286
37162
45788
61573
53151
32737
59014
13384
49016
63615
66459
30840
5653
89497
1913
27485
55956
33250
79856
73113
45212
5877
60023
22863
25634
67914
82419
729
92664
98209
28358
97949
35370
90498
75873
88520
23234
51238
1904
72250
14853
84714
19441
36857
90562
37705
64342
46517
87306
60549
19630
32517
66425
96004
55379
8410
80270
54150
9138
72933
52358
53847
87233
4079
44344
63105
8950
83930
14343
27205
72531
45547
11918
8323
82403
18831
46027
63096
81700
33332
23644
17681
82200
6420
13684
37578
14829
93953
8079
40318
66885
60436
94165
70469
80866
54860
33574
89816
55141
47916
17020
27671
9814
45290
35993
92216
64120
98371
71664
62171
48054
11659
79851
30253
18079
93535
84183
49259
3839
8613
5929
87076
85401
93
57544
66266
71304
7469
56081
26445
71736
89453
70467
81549
34742
22812
90117
15213
21182
78132
77384
85588
89790
57234
15840
24220
67120
16374
89831
87311
24987
95759
90738
10387
12203
48281
76652
83506
72102
49085
26302
43837
38537
96769
25386
89630
19580
31854
21194
57113
9985
14929
42700
99774
88515
74892
40346
55634
91265
30176
59296
32603
42286
50033
59341
54488
14666
35993
54345
86767
1429
96999
30603
56317
10119
72340
62298
29698
4193
83491
3162
30529
98420
45862
46655
86934
37105
87000
58919
44721
33527
18215
77324
75812
84599
36664
46651
99264
89008
17347
86030
6788
14345
32985
63104
24463
21676
41753
70512
25869
25244
73674
72749
40015
35887
19403
43300
72991
22754
18570
17711
56280
53136
11386
48443
37735
48050
95093
36998
53409
28792
39380
60197
59488
72364
39652
83951
94039
81405
70814
36259
23000
44487
9008
63014
96725
44762
22665
69715
67516
57586
3778
23795
10722
15163
88590
48456
63212
34
1805
32973
28825
41184
93169
88313
29899
32820
88615
40290
30576
59428
92900
53575
20267
18259
32940
16991
63021
55604
3058
30536
13190
6835
70682
40263
21997
75623
5070
1561
75657
6874
34533
4481
64410
44053
9145
10660
93224
97759
50949
23800
73539
60201
77374
93805
78459
10314
27147
57831
82269
30204
4718
95458
53390
75400
52072
75387
51022
57141
93299
43030
80367
27831
63863
61128
88235
73007
71787
81458
87118
39088
5257
60656
99288
82631
70812
94098
92944
97958
51929
75212
44514
56646
87022
97903
48397
55445
89641
15771
12586
82939
58800
9304
27121
22662
70431
15355
12021
42217
96813
99138
97656
2069
76145
96943
1051
46956
7393
10346
61265
59321
1910
22130
32318
5283
36385
80715
60727
26025
12837
89664
25316
71636
98967
52436
10650
69397
84143
22670
11614
80955
38159
9269
99375
14303
22564
426
77610
29956
27123
55226
5628
29032
77356
37945
34314
30092
35011
95041
56116
47847
84704
97783
35835
83671
50219
62836
69419
50713
85505
97384
31667
40015
6653
47393
70669
45568
64170
48278
91875
91293
19855
13854
36676
13562
68150
70990
43653
3161
82382
99769
67359
83437
97551
19545
83459
64121
82380
52878
14833
84236
50261
62851
24250
73265
26596
94918
35184
90765
59547
27058
98409
95754
40911
35085
9315
9061
6074
52968
28573
4807
69088
12283
88243
82990
31828
71702
47111
14207
24579
78295
98443
91191
57498
39044
64456
84093
50314
99639
91209
26212
43049
5970
21965
311
41054
31280
25723
63479
84247
54295
68285
53334
66578
56527
36323
14757
44580
99785
28963
85510
94432
43757
76701
51929
99153
41156
52373
49466
57146
59933
92029
16546
65902
13994
16857
6955
61625
42579
86785
45871
13226
55069
15556
96155
27948
68230
10911
88879
84367
56225
74389
78798
16334
51089
47078
15486
8596
15802
81303
82093
92086
73331
98639
57988
3676
31847
81294
65300
74425
68079
27522
4002
39499
43077
16508
83798
27659
43770
72677
12025
99995
47065
7174
32680
98153
70603
64517
23100
2756
45819
5192
94841
35501
3830
52828
39177
35676
50474
20828
26453
18552
48350
46806
74402
7778
63314
58200
35436
7083
47228
63812
23429
94292
87337
56108
8796
57939
20624
31895
60694
82794
37086
71887
18295
57268
41066
73823
9295
91539
94650
52099
26442
59351
98905
844
67129
78570
75395
2564
85652
22622
82728
9081
33265
70064
81540
42060
28003
2164
90306
5048
1309
43743
76934
35955
1010
34352
9777
26657
25890
20779
78755
52332
80129
94011
69527
47257
72580
61273
66173
58232
83894
48900
83664
33510
18963
65203
75569
63317
83718
65874
84717
1379
25968
78002
37333
26978
12353
63462
69986
38243
84240
48740
6926
80720
59103
92804
44329
31682
54076
26853
89913
54321
92104
89928
87830
11066
71483
63398
90735
55200
45623
75451
56578
71590
69804
10263
14919
82157
73724
1256
36751
74315
66348
60028
71386
25450
52831
15714
57131
6906
58918
63396
61226
51021
53323
49055
78439
24805
28804
69173
96357
74426
60975
69286
62367
30778
79548
93638
29286
53271
94893
66036
43937
61240
26063
15323
86689
78893
47388
43820
2150
6306
23567
63375
57326
76889
28781
35764
18046
57584
21288
30754
48361
82262
39
27080
13040
95939
20717
42325
65561
31961
24713
9498
93201
67127
24820
96241
46020
72207
56412
64521
94864
79978
44248
52190
73219
73028
4305
7616
46964
25593
38369
95324
24206
54759
22403
53597
67049
59471
12274
32610
91432
36986
42107
984
4112
83278
97224
66483
71836
53636
31004
66700
49965
91603
35241
23183
64630
39545
47150
11593
81489
85518
23269
22047
56629
62023
75643
23677
21494
4268
56286
29277
57605
14744
30260
61717
98021
43835
44551
86209
13822
91906
52908
63787
83508
88148
3321
64490
44044
50471
92434
41885
52340
15702
63931
25320
77725
55925
48997
15570
60193
21634
61198
17797
52730
7809
95865
67102
51643
56768
53310
65465
48673
6217
45603
48533
94364
65275
13022
54760
15745
5455
96644
84437
21157
76926
26108
15233
32850
75104
47154
9394
13090
24703
27191
65819
32511
39407
32920
84153
96174
86230
65969
61199
8798
11571
9731
19514
76846
22752
74273
8942
28206
87268
9730
65714
64193
35838
97298
13394
27293
60803
22788
56734
85505
66330
38904
18015
5736
71824
18520
18262
74405
84488
79460
99554
12411
89190
19067
89256
28293
93339
14549
56498
80606
40631
38564
61150
76468
35861
74544
20112
13016
97331
93198
98520
80012
32101
16535
85747
20276
35054
20360
94680
35893
99819
94234
48303
5360
29652
53910
33652
39343
84811
90150
19948
25441
45065
97450
18260
97277
71993
54723
10292
85675
47920
8812
65686
80021
41698
67784
296
93103
88144
11328
45347
4314
5561
93650
9674
51564
63911
43325
90906
48721
49826
27206
74161
94890
24655
8772
8519
96647
63495
18810
98673
11414
43973
64358
91434
2022
32141
91730
11476
36636
3057
56823
40950
24969
66824
50623
92884
30734
10299
83790
79455
60125
10995
69967
55014
35649
78739
79884
48647
42233
98694
63671
53646
59018
28028
61432
61040
76520
53161
88867
29508
72569
45689
70457
13889
12512
37431
6772
59598
47729
90561
39052
7853
17907
9018
79219
53555
4108
59102
18553
46340
74147
82223
16338
33165
26602
77769
10556
19474
47281
99422
48981
36201
61463
35789
50089
90326
73219
73212
49923
20947
80125
88974
45152
98031
14344
24370
67938
34803
99823
2842
81143
90322
85065
13832
23486
28018
91600
50393
63843
55232
66166
12823
91432
43980
48611
57872
34306
38181
31083
84228
59128
11207
89554
20631
9238
20249
61352
93527
55051
61174
96368
52545
51495
97784
66376
91332
25802
74327
58076
89644
29558
40594
18819
20989
84573
83781
95212
35230
21962
26295
19458
97441
53853
25363
18071
79442
45611
79422
72968
17013
56947
69336
69558
24794
67119
35933
16125
92920
10260
90553
98916
56169
31146
34086
93510
32070
17866
88721
67300
39827
31367
3109
37267
85220
44823
55337
64661
6785
51110
37629
23797
8057
6964
9706
32850
90434
45639
65326
99706
72250
72230
98621
44770
19727
32706
38279
51797
66923
43352
35448
6750
74718
54908
44016
59937
99730
15705
40950
22866
66814
94930
46662
91222
18245
56368
40423
8678
18358
5749
8383
6959
77978
23355
51728
97705
72412
6359
65853
39335
49710
1300
46084
40779
72559
6451
17068
88640
22155
58017
11505
5321
52946
58166
12894
71190
30885
53317
96219
65594
75417
4602
72552
53394
27956
40632
67450
16720
63342
33302
56054
13051
50953
2137
70181
39863
24939
87248
28502
63446
45264
40006
68766
14561
14524
98011
2102
45408
51327
98321
11002
26743
19274
99905
96489
47229
56888
80290
63948
20229
29944
36353
49631
97248
38489
19812
37111
79780
7059
65612
43225
68675
21970
28342
99587
36493
26352
1689
98252
94031
16361
25605
37125
35634
25510
49965
99214
82397
30255
79514
2626
60198
15866
68608
73797
70707
88419
10907
50486
11830
92871
93710
80504
31192
22051
80090
84036
64754
98130
82287
58784
14490
7892
95909
50123
49753
62225
49337
48501
92479
28850
67478
69028
44715
36086
42825
15421
40856
70083
82258
52685
79305
75967
33188
26848
14369
29630
10883
79123
27759
93170
54258
58601
17413
50166
8723
83517
28743
74411
32017
21221
3260
15847
6601
64327
51932
65777
96099
92787
52211
78357
61824
47868
70675
11363
74715
85044
40992
85598
80518
85103
95119
34775
43703
12531
1293
68777
12399
30035
43188
60767
67607
62799
76613
74207
27125
44896
56335
23224
54035
8546
17932
15858
56413
88606
27220
31127
73649
84564
33076
70518
69666
28194
5293
29720
57076
6585
14848
69474
36619
58035
30241
4225
20834
23205
94784
64310
68101
67470
87533
22135
92367
5464
54344
48779
10422
81563
96258
422
66126
45685
70940
52143
73879
76232
98214
30954
82816
13062
428
35786
87448
47020
56362
24633
70224
67497
88943
38324
34967
92827
76810
27333
14643
